image_size: [1920, 1080]
camera_matrix_left:
- [1052.688168890403, 0.0, 954.6054900437744]
- [0.0, 1055.90325450169, 546.8352284536826]
- [0.0, 0.0, 1.0]
dist_coeffs_left:
- [-0.01142189424986311, 0.026793828210060423, -0.00044212683003840985, -0.0017028939198091906,
  -0.02153379588908416]
camera_matrix_right:
- [1038.3013910592592, 0.0, 962.4727526512461]
- [0.0, 1044.9285698840897, 559.4402052702459]
- [0.0, 0.0, 1.0]
dist_coeffs_right:
- [-0.015136789038915703, 0.041219316718885436, -0.0007331198866113575, -0.0008824991897588569,
  -0.031623763909561314]
R:
- [0.9999739331314496, 0.001022008700757825, -0.0071476258879991945]
- [-0.0010988196634222221, 0.9999416057909662, -0.010750702466863899]
- [0.007136221196578595, 0.010758276181588394, 0.9999166634478266]
T: [-0.11823018182867566, -0.00031473151880741403, -0.0032197480988864413]
E:
- [-5.7839162580675815e-06, 0.003216174115640538, -0.00034931984399715516]
- [-0.0023759474404948457, 0.0012686623385409958, 0.11824334248782366]
- [0.0004446369633456181, -0.11822295621237323, 0.0012688079242917135]
F:
- [3.450976444070982e-08, -1.913088954469563e-05, 0.01262253334835295]
- [1.4086193822036803e-05, -7.498570721273797e-06, -0.7473070370118755]
- [-0.010668137328027806, 0.7527727116016447, 1.0]
R1:
- [0.9997911381058068, 0.00397536761211637, 0.020046860538349635]
- [-0.0038677579028813286, 0.999977919309826, -0.0054038265697068915]
- [-0.020067900086959835, 0.005325161512978489, 0.9997844377869465]
R2:
- [0.9996258520825635, 0.0026610274787620194, 0.027222688716699587]
- [-0.0028070464177612905, 0.9999818712902474, 0.005327061222052224]
- [-0.02720801974818423, -0.005401483464033979, 0.9996151997832818]
P1:
- [1075.007432700428, 0.0, 908.1160278320312, 0.0]
- [0.0, 1075.007432700428, 552.6816711425781, 0.0]
- [0.0, 0.0, 1.0, 0.0]
P2:
- [1075.007432700428, 0.0, 908.1160278320312, -127.14589560740153]
- [0.0, 1075.007432700428, 552.6816711425781, 0.0]
- [0.0, 0.0, 1.0, 0.0]
Q:
- [1.0, 0.0, 0.0, -908.1160278320312]
- [0.0, 1.0, 0.0, -552.6816711425781]
- [0.0, 0.0, 0.0, 1075.007432700428]
- [0.0, 0.0, 8.454912583413732, -0.0]
roi_left: [0, 0, 1920, 1080]
roi_right: [0, 0, 1920, 1080]
reprojection_error_rms: 0.9179495761841635
square_size_meters: 0.02
num_valid_pairs: 20
